           1           1
 
  1.709561379991951E-002
  1.230131532732576E-002
  6.465089146285171E-003
 -3.557358010615713E-002
           2          23
 
  1.774245894330712E-006
  1.350485486672038E-006
  1.152730630593623E-006
  1.248733100107516E-005
           3         450
 
  2.121609681588714E-009
  1.736185514547825E-008
  1.751032912740887E-007
  2.977716660435657E-007
           4        5366
 
  2.119965663333849E-009
  1.661126848194850E-008
  1.745528596330814E-007
  2.972859902302737E-007
